# name               : chi2    red_chi2SW      AD      KS      AIC     BIC    
#--------------------------------------------------------------------------------
PSPL_no_blend_no_piE : 3068.49    1.10   1.00    2.38    0.033076.49 3100.21
PSPL_blend_no_piE    : 3039.98    1.09   1.00    2.30    0.033049.98 3079.64
PSPL_blend_piE_p     : 2904.53    1.05   1.00    1.47    0.022918.53 2960.04
PSPL_blend_piE_n     : 2896.06    1.04   1.00    1.50    0.022910.06 2951.57
